const 119 1 5
int 102 1 9
t 700 1 11
= 228 1 13
3 400 1 15
; 303 1 16
int 102 2 3
Demo 700 2 8
( 200 2 9
int 102 2 12
e 700 2 14
, 304 2 15
int 102 2 18
f 700 2 20
) 201 2 21
{ 301 2 22
return 123 3 7
e 700 3 9
+ 209 3 10
f 700 3 11
; 303 3 12
} 302 4 1
void 124 6 4
main 700 6 9
( 200 6 10
) 201 6 11
{ 301 6 12
int 102 7 4
a 700 7 6
, 304 7 7
b 700 7 8
, 304 7 9
cc 700 7 11
; 303 7 12
a 700 8 2
= 228 8 4
1 400 8 6
; 303 8 7
b 700 9 2
= 228 9 4
2 400 9 6
; 303 9 7
cc 700 10 3
= 228 10 5
Demo 700 10 10
( 200 10 11
a 700 10 12
, 304 10 13
b 700 10 14
) 201 10 15
; 303 10 16
} 302 11 1
