void 124 0 4
main 700 0 9
( 200 0 10
) 201 0 11
{ 301 0 12
int 102 1 3
a 700 1 5
, 304 1 6
b 700 1 7
, 304 1 8
c 700 1 9
, 304 1 10
d 700 1 11
, 304 1 12
A 700 1 13
, 304 1 14
B 700 1 15
, 304 1 16
e 700 1 17
, 304 1 18
f 700 1 19
, 304 1 20
S 700 1 21
, 304 1 22
R 700 1 23
; 303 1 24
a 700 2 1
= 228 2 2
2 400 2 3
; 303 2 4
b 700 3 1
= 228 3 3
10 400 3 6
/ 213 3 7
a 700 3 8
; 303 3 9
c 700 4 1
= 228 4 3
S 700 4 5
- 210 4 7
R 700 4 9
; 303 4 10
d 700 5 1
= 228 5 3
S 700 5 5
+ 209 5 7
R 700 5 9
; 303 5 10
A 700 6 1
= 228 6 3
b 700 6 5
* 211 6 7
d 700 6 9
; 303 6 10
B 700 7 1
= 228 7 3
A 700 7 5
; 303 7 6
e 700 8 1
= 228 8 3
S 700 8 5
+ 209 8 7
R 700 8 9
; 303 8 10
f 700 9 1
= 228 9 3
c 700 9 5
* 211 9 7
e 700 9 9
; 303 9 10
B 700 10 1
= 228 10 3
f 700 10 5
; 303 10 6
} 302 11 1
