const 119 1 5
int 102 1 9
t 700 1 11
= 228 1 13
3 400 1 15
; 303 1 16
int 102 2 3
add_fun 700 2 11
( 200 2 12
int 102 2 15
t1 700 2 18
, 304 2 19
int 102 2 22
t2 700 2 25
) 201 2 26
{ 301 3 1
return 123 4 7
t1 700 4 10
+ 209 4 11
t2 700 4 13
; 303 4 14
} 302 5 1
int 102 6 3
Demo 700 6 8
( 200 6 9
int 102 6 12
e 700 6 14
, 304 6 15
int 102 6 18
f 700 6 20
) 201 6 21
{ 301 6 22
int 102 7 4
t11 700 7 8
; 303 7 9
t11 700 8 4
= 228 8 6
add_fun 700 8 14
( 200 8 15
e 700 8 16
, 304 8 17
f 700 8 18
) 201 8 19
; 303 8 20
return 123 10 7
t11 700 10 11
; 303 10 12
} 302 11 1
void 124 13 4
main 700 13 9
( 200 13 10
) 201 13 11
{ 301 13 12
int 102 14 4
a 700 14 6
, 304 14 7
b 700 14 8
, 304 14 9
cc 700 14 11
; 303 14 12
a 700 15 2
= 228 15 4
1 400 15 6
; 303 15 7
b 700 16 2
= 228 16 4
2 400 16 6
; 303 16 7
cc 700 17 3
= 228 17 5
Demo 700 17 10
( 200 17 11
a 700 17 12
, 304 17 13
b 700 17 14
) 201 17 15
; 303 17 16
} 302 18 1
